Easy/puzzle1		{0,0,1,0,0,6,0,2,9},
			{0,0,0,0,0,8,0,0,0},
			{0,0,9,3,2,0,0,8,0},
			{0,0,0,0,0,2,0,0,7},
			{0,0,2,5,0,4,1,0,0},
			{4,0,0,9,0,0,0,0,0},
			{0,6,0,0,4,3,9,0,0},
			{0,0,0,7,0,0,0,0,0},
			{5,3,0,2,0,0,8,0,0}






Hard/puzzle2		{0,7,1,9,0,0,0,5,0},
			{0,0,0,6,0,0,0,0,0},
			{3,0,9,0,0,2,0,0,0},
			{8,3,7,5,0,0,0,0,0},
			{0,0,0,2,0,1,0,0,0},
			{0,0,0,0,0,7,6,9,5},
			{0,0,0,8,0,0,2,0,9},
			{0,0,0,0,0,6,0,0,0},
			{0,6,0,0,0,5,8,1,0}




Many Solutions		{3,0,8,6,0,9,0,1,4},
			{1,0,4,3,0,8,0,6,9},
			{6,0,9,4,0,1,0,3,8},
			{7,4,3,1,8,5,6,9,2},
			{8,6,2,9,4,7,3,5,1},
			{9,1,5,2,3,6,8,4,7},
			{4,8,7,5,9,3,1,2,6},
			{2,3,6,0,0,4,9,7,5},
			{5,9,1,7,6,2,4,8,3}